{
  "advancedEditorSelectedIdentifier" : "BehaviorsPluginID",
  "openSceneRelativePaths" : [
    "pinguim.usda"
  ],
  "recentIdentifiers" : {
    "26DBAE76-5DD8-47B6-A085-1B4ADA111097" : [

    ],
    "4E3E699B-FE77-4207-B6B5-327D20FF256E" : [

    ],
    "7A2B51E2-FDA3-406B-82A6-3923DCD5A574" : [

    ],
    "8815EE58-1738-4130-9080-455C3A59078F" : [

    ],
    "D20B46EF-9364-429B-8362-C61153E2BD65" : [

    ],
    "DB3BCE19-632A-48B1-A913-8E2380D27099" : [

    ]
  },
  "sceneCameraHistory" : {
    "26DBAE76-5DD8-47B6-A085-1B4ADA111097" : [
      {
        "date" : 752610538.735403,
        "title" : "Untitled",
        "transform" : [
          0.99974495,
          5.860078e-10,
          0.022582276,
          0,
          0.010830611,
          0.8774836,
          -0.4794844,
          0,
          -0.019815575,
          0.47960666,
          0.87725973,
          0,
          -0.0050620735,
          0.13126042,
          0.2282732,
          1
        ]
      },
      {
        "date" : 752610525.977022,
        "title" : "Untitled",
        "transform" : [
          0.9998454,
          2.395072e-10,
          0.01758329,
          0,
          0.008433063,
          0.87748355,
          -0.4795325,
          0,
          -0.015429048,
          0.47960666,
          0.8773479,
          0,
          -0.0039206487,
          0.13126042,
          0.22829565,
          1
        ]
      },
      {
        "date" : 752610522.550696,
        "title" : "Untitled",
        "transform" : [
          0.9998454,
          9.543707e-10,
          0.017583292,
          0,
          0.0084330635,
          0.87748355,
          -0.47953254,
          0,
          -0.01542905,
          0.4796067,
          0.8773479,
          0,
          -0.003920693,
          0.13126042,
          0.22829562,
          1
        ]
      },
      {
        "date" : 752610503.050315,
        "title" : "Untitled",
        "transform" : [
          0.9998454,
          2.1480133e-09,
          0.017583294,
          0,
          0.008433064,
          0.8774835,
          -0.47953257,
          0,
          -0.015429052,
          0.47960672,
          0.8773478,
          0,
          -0.031900447,
          0.42473412,
          0.67449003,
          1
        ]
      },
      {
        "date" : 752610462.044705,
        "title" : "Untitled",
        "transform" : [
          0.999745,
          2.3722266e-09,
          0.022582278,
          0,
          0.010830611,
          0.8774835,
          -0.4794844,
          0,
          -0.019815579,
          0.47960672,
          0.87725973,
          0,
          -0.035272487,
          0.42473412,
          0.6743221,
          1
        ]
      },
      {
        "date" : 752610459.761952,
        "title" : "Untitled",
        "transform" : [
          0.9998454,
          4.4953814e-09,
          0.01758329,
          0,
          0.008433061,
          0.87748355,
          -0.47953257,
          0,
          -0.015429051,
          0.47960672,
          0.8773479,
          0,
          -0.03190045,
          0.42473412,
          0.6744901,
          1
        ]
      },
      {
        "date" : 752610452.062408,
        "title" : "Untitled",
        "transform" : [
          0.9982641,
          -0.0010349076,
          0.05888712,
          0,
          0.05866811,
          0.10538661,
          -0.99269927,
          0,
          -0.005178562,
          0.99443084,
          0.10526438,
          0,
          0.014450096,
          0.78555924,
          0.14108822,
          1
        ]
      },
      {
        "date" : 752610444.07683,
        "title" : "Untitled",
        "transform" : [
          0.9982641,
          -0.0010349076,
          0.05888712,
          0,
          0.05866811,
          0.10538661,
          -0.99269927,
          0,
          -0.005178562,
          0.99443084,
          0.10526438,
          0,
          0.022610031,
          0.8094265,
          -0.08398257,
          1
        ]
      },
      {
        "date" : 752610437.153339,
        "title" : "Untitled",
        "transform" : [
          0.9982641,
          -0.0010349076,
          0.05888712,
          0,
          0.05866811,
          0.10538661,
          -0.99269927,
          0,
          -0.005178562,
          0.99443084,
          0.10526438,
          0,
          0.029968604,
          2.2324982,
          -0.3629003,
          1
        ]
      },
      {
        "date" : 752610434.776845,
        "title" : "Untitled",
        "transform" : [
          0.99825764,
          -0.0010465311,
          0.05899661,
          0,
          0.05877821,
          0.10538649,
          -0.99269277,
          0,
          -0.005178562,
          0.99443084,
          0.10526438,
          0,
          0.029968604,
          2.2324982,
          -0.3629003,
          1
        ]
      }
    ],
    "4E3E699B-FE77-4207-B6B5-327D20FF256E" : [
      {
        "date" : 752763151.887132,
        "title" : "Untitled",
        "transform" : [
          0.99965596,
          -1.4714138e-08,
          -0.026230017,
          0,
          -0.0021310854,
          0.9966941,
          -0.081218176,
          0,
          0.026143365,
          0.081246056,
          0.9963512,
          0,
          50.682404,
          138.9987,
          250.64316,
          1
        ]
      },
      {
        "date" : 752742506.649804,
        "title" : "Untitled",
        "transform" : [
          0.99965596,
          -1.4714138e-08,
          -0.026230017,
          0,
          -0.0021310854,
          0.9966941,
          -0.081218176,
          0,
          0.026143365,
          0.081246056,
          0.9963512,
          0,
          -0.13294956,
          0.36893243,
          1.051664,
          1
        ]
      },
      {
        "date" : 752742491.700816,
        "title" : "Untitled",
        "transform" : [
          0.9909323,
          7.799952e-09,
          0.13436218,
          0,
          0.013430252,
          0.99499184,
          -0.09904929,
          0,
          -0.13368927,
          0.099955656,
          0.98596954,
          0,
          -0.29886428,
          0.38855162,
          1.0096989,
          1
        ]
      },
      {
        "date" : 752742490.585199,
        "title" : "Untitled",
        "transform" : [
          0.9909323,
          7.799952e-09,
          0.13436218,
          0,
          0.013430252,
          0.99499184,
          -0.09904929,
          0,
          -0.13368927,
          0.099955656,
          0.98596954,
          0,
          -0.24616155,
          0.3491473,
          0.6210122,
          1
        ]
      },
      {
        "date" : 752679000.20625,
        "title" : "Untitled",
        "transform" : [
          0.9909323,
          7.799952e-09,
          0.13436218,
          0,
          0.013430252,
          0.99499184,
          -0.09904929,
          0,
          -0.13368927,
          0.099955656,
          0.98596954,
          0,
          0.05526808,
          0.2507951,
          0.6718539,
          1
        ]
      },
      {
        "date" : 752678987.574446,
        "title" : "Untitled",
        "transform" : [
          0.9909323,
          7.799952e-09,
          0.13436218,
          0,
          0.013430252,
          0.99499184,
          -0.09904929,
          0,
          -0.13368927,
          0.099955656,
          0.98596954,
          0,
          0.02452977,
          0.28271228,
          0.6644506,
          1
        ]
      },
      {
        "date" : 752670996.888567,
        "title" : "Untitled",
        "transform" : [
          0.9909323,
          7.799952e-09,
          0.13436218,
          0,
          0.013430252,
          0.99499184,
          -0.09904929,
          0,
          -0.13368927,
          0.099955656,
          0.98596954,
          0,
          -0.19533858,
          0.14408094,
          0.64869237,
          1
        ]
      },
      {
        "date" : 752612317.952472,
        "title" : "Untitled",
        "transform" : [
          0.9909323,
          7.799952e-09,
          0.13436218,
          0,
          0.013430252,
          0.99499184,
          -0.09904929,
          0,
          -0.13368927,
          0.099955656,
          0.98596954,
          0,
          -0.098684415,
          0.31965223,
          0.6439988,
          1
        ]
      },
      {
        "date" : 752612316.218837,
        "title" : "Untitled",
        "transform" : [
          0.9909323,
          7.799952e-09,
          0.13436218,
          0,
          0.013430252,
          0.99499184,
          -0.09904929,
          0,
          -0.13368927,
          0.099955656,
          0.98596954,
          0,
          -0.104075894,
          0.33911762,
          0.64129436,
          1
        ]
      },
      {
        "date" : 752612310.136697,
        "title" : "Untitled",
        "transform" : [
          0.9909323,
          7.799952e-09,
          0.13436218,
          0,
          0.013430252,
          0.99499184,
          -0.09904929,
          0,
          -0.13368927,
          0.099955656,
          0.98596954,
          0,
          -0.03004548,
          0.03916324,
          0.19997407,
          1
        ]
      }
    ],
    "7A2B51E2-FDA3-406B-82A6-3923DCD5A574" : [
      {
        "date" : 752800727.483237,
        "title" : "Untitled",
        "transform" : [
          0.9999927,
          0,
          0.003814688,
          0,
          0,
          1,
          0,
          0,
          -0.003814688,
          0,
          0.9999927,
          0,
          0.0037316198,
          0.038058754,
          0.13968748,
          1
        ]
      },
      {
        "date" : 752800717.001594,
        "title" : "Untitled",
        "transform" : [
          0.9999927,
          0,
          0.003814688,
          0,
          0,
          1,
          0,
          0,
          -0.003814688,
          0,
          0.9999927,
          0,
          0.0026826805,
          0.027360631,
          0.10042204,
          1
        ]
      },
      {
        "date" : 752800701.385114,
        "title" : "Untitled",
        "transform" : [
          0.9999927,
          0,
          0.003814688,
          0,
          0,
          1,
          0,
          0,
          -0.003814688,
          0,
          0.9999927,
          0,
          0.24956849,
          2.5453467,
          9.342215,
          1
        ]
      },
      {
        "date" : 752798118.676879,
        "title" : "Untitled",
        "transform" : [
          1,
          0,
          0,
          0,
          0,
          1,
          0,
          0,
          0,
          0,
          1,
          0,
          0.0057185944,
          0.051036414,
          0.18729906,
          1
        ]
      },
      {
        "date" : 752797966.391253,
        "title" : "Untitled",
        "transform" : [
          1,
          0,
          0,
          0,
          0,
          1,
          0,
          0,
          0,
          0,
          1,
          0,
          0.002195606,
          0.019594997,
          0.07191189,
          1
        ]
      },
      {
        "date" : 752797836.591783,
        "title" : "Untitled",
        "transform" : [
          1,
          0,
          0,
          0,
          0,
          1,
          0,
          0,
          0,
          0,
          1,
          0,
          0.003419605,
          0.028907288,
          0.0727461,
          1
        ]
      },
      {
        "date" : 752797830.207919,
        "title" : "Untitled",
        "transform" : [
          1,
          0,
          0,
          0,
          0,
          1,
          0,
          0,
          0,
          0,
          1,
          0,
          0.008175209,
          0.9950371,
          1.9999999,
          1
        ]
      },
      {
        "date" : 752796797.480264,
        "title" : "Untitled",
        "transform" : [
          1,
          0,
          0,
          0,
          0,
          0.7071069,
          -0.70710677,
          0,
          0,
          0.70710677,
          0.7071069,
          0,
          0,
          0.25222653,
          0.25222656,
          1
        ]
      },
      {
        "date" : 752795846.959329,
        "title" : "Untitled",
        "transform" : [
          1,
          0,
          0,
          0,
          0,
          0.7071069,
          -0.70710677,
          0,
          0,
          0.70710677,
          0.7071069,
          0,
          0,
          1.7798764,
          1.7798767,
          1
        ]
      },
      {
        "date" : 752786340.782132,
        "title" : "Untitled",
        "transform" : [
          1,
          0,
          0,
          0,
          0,
          0.7071069,
          -0.70710677,
          0,
          0,
          0.70710677,
          0.7071069,
          0,
          0,
          9.269452,
          9.269454,
          1
        ]
      }
    ],
    "8815EE58-1738-4130-9080-455C3A59078F" : [
      {
        "date" : 752764601.565839,
        "title" : "Untitled",
        "transform" : [
          0.9415512,
          1.4096562e-08,
          -0.3368696,
          0,
          -0.17765161,
          0.849642,
          -0.4965365,
          0,
          0.28621855,
          0.52735996,
          0.7999815,
          0,
          1.6475855,
          7.7750654,
          17.635931,
          1
        ]
      },
      {
        "date" : 752764067.575722,
        "title" : "Untitled",
        "transform" : [
          0.9381033,
          1.1703305e-08,
          -0.34635556,
          0,
          -0.20991488,
          0.7954133,
          -0.56855386,
          0,
          0.2754958,
          0.60606736,
          0.7461799,
          0,
          1.541255,
          9.37785,
          16.848522,
          1
        ]
      },
      {
        "date" : 752764055.725473,
        "title" : "Untitled",
        "transform" : [
          0.9381033,
          1.1703305e-08,
          -0.34635556,
          0,
          -0.20991488,
          0.7954133,
          -0.56855386,
          0,
          0.2754958,
          0.60606736,
          0.7461799,
          0,
          2.413093,
          6.336092,
          18.997225,
          1
        ]
      },
      {
        "date" : 752764052.606673,
        "title" : "Untitled",
        "transform" : [
          0.9381033,
          1.1703305e-08,
          -0.34635556,
          0,
          -0.20991488,
          0.7954133,
          -0.56855386,
          0,
          0.2754958,
          0.60606736,
          0.7461799,
          0,
          7.0427117,
          18.492146,
          33.212852,
          1
        ]
      },
      {
        "date" : 752764046.742482,
        "title" : "Untitled",
        "transform" : [
          0.9381033,
          1.1703305e-08,
          -0.34635556,
          0,
          -0.20991488,
          0.7954133,
          -0.56855386,
          0,
          0.2754958,
          0.60606736,
          0.7461799,
          0,
          29.364769,
          77.10348,
          138.48186,
          1
        ]
      },
      {
        "date" : 752764035.503629,
        "title" : "Untitled",
        "transform" : [
          0.9381033,
          1.1703305e-08,
          -0.34635556,
          0,
          -0.20991488,
          0.7954133,
          -0.56855386,
          0,
          0.2754958,
          0.60606736,
          0.7461799,
          0,
          78.8286,
          206.98135,
          371.74927,
          1
        ]
      },
      {
        "date" : 752763949.790303,
        "title" : "Untitled",
        "transform" : [
          0.9381033,
          1.1703305e-08,
          -0.34635556,
          0,
          -0.20991488,
          0.7954133,
          -0.56855386,
          0,
          0.2754958,
          0.60606736,
          0.7461799,
          0,
          86.04701,
          225.93486,
          389.42004,
          1
        ]
      },
      {
        "date" : 752763923.53748,
        "title" : "Untitled",
        "transform" : [
          0.9381033,
          1.1703305e-08,
          -0.34635556,
          0,
          -0.20991488,
          0.7954133,
          -0.56855386,
          0,
          0.2754958,
          0.60606736,
          0.7461799,
          0,
          86.04701,
          225.93486,
          389.42004,
          1
        ]
      },
      {
        "date" : 752763858.776948,
        "title" : "Untitled",
        "transform" : [
          0.93810344,
          1.1703307e-08,
          -0.3463556,
          0,
          -0.20991488,
          0.7954133,
          -0.56855386,
          0,
          0.27549583,
          0.6060674,
          0.74617994,
          0,
          89.05458,
          244.19676,
          373.47687,
          1
        ]
      },
      {
        "date" : 752763845.659117,
        "title" : "Untitled",
        "transform" : [
          0.002818451,
          1.1190221e-08,
          -0.99999607,
          0,
          -0.15555973,
          0.9878264,
          -0.00043840555,
          0,
          0.9878225,
          0.15556031,
          0.0027841725,
          0,
          451.31525,
          33.840847,
          47.085594,
          1
        ]
      }
    ],
    "D20B46EF-9364-429B-8362-C61153E2BD65" : [
      {
        "date" : 752786302.38676,
        "title" : "Untitled",
        "transform" : [
          0.82320964,
          -1.1078313e-08,
          0.5677376,
          0,
          0.28629157,
          0.86354756,
          -0.4151178,
          0,
          -0.49026838,
          0.50426745,
          0.71088064,
          0,
          -7.159303,
          8.572495,
          16.885843,
          1
        ]
      },
      {
        "date" : 752786296.898531,
        "title" : "Untitled",
        "transform" : [
          0.9597507,
          -4.432547e-09,
          0.2808532,
          0,
          0.105646014,
          0.9265543,
          -0.36102074,
          0,
          -0.26022577,
          0.37616095,
          0.8892612,
          0,
          -3.3579078,
          11.211479,
          18.469873,
          1
        ]
      },
      {
        "date" : 752786152.799488,
        "title" : "Untitled",
        "transform" : [
          0.9597507,
          -3.1782506e-09,
          0.28085324,
          0,
          0.09780316,
          0.937407,
          -0.33421957,
          0,
          -0.26327378,
          0.3482358,
          0.899677,
          0,
          -0.11160183,
          4.1642895,
          8.9312,
          1
        ]
      },
      {
        "date" : 752786145.732276,
        "title" : "Untitled",
        "transform" : [
          0.9597507,
          -3.1782506e-09,
          0.28085324,
          0,
          0.09780316,
          0.937407,
          -0.33421957,
          0,
          -0.26327378,
          0.3482358,
          0.899677,
          0,
          -2.7899084,
          1.6950123,
          9.103217,
          1
        ]
      },
      {
        "date" : 752786137.030588,
        "title" : "Untitled",
        "transform" : [
          0.9597507,
          -3.1782506e-09,
          0.28085324,
          0,
          0.09780316,
          0.937407,
          -0.33421957,
          0,
          -0.26327378,
          0.3482358,
          0.899677,
          0,
          -0.21299556,
          0.12940572,
          0.69498515,
          1
        ]
      },
      {
        "date" : 752785339.563664,
        "title" : "Untitled",
        "transform" : [
          0.9597507,
          -3.1782506e-09,
          0.28085324,
          0,
          0.09780316,
          0.937407,
          -0.33421957,
          0,
          -0.26327378,
          0.3482358,
          0.899677,
          0,
          -0.21299556,
          0.12940572,
          0.69498515,
          1
        ]
      },
      {
        "date" : 752785330.864509,
        "title" : "Untitled",
        "transform" : [
          0.9931193,
          -1.0843508e-09,
          -0.11710759,
          0,
          -0.055721506,
          0.8795456,
          -0.4725407,
          0,
          0.10300146,
          0.47581464,
          0.8734936,
          0,
          0.07623336,
          0.22954075,
          0.69757956,
          1
        ]
      },
      {
        "date" : 752785323.048424,
        "title" : "Untitled",
        "transform" : [
          0.99020624,
          -0.0005757218,
          -0.13961111,
          0,
          -0.13950616,
          0.034899548,
          -0.989606,
          0,
          0.0054420833,
          0.99939066,
          0.034477305,
          0,
          0.016778542,
          0.721356,
          0.15646644,
          1
        ]
      },
      {
        "date" : 752785310.999011,
        "title" : "Untitled",
        "transform" : [
          0.99020624,
          -0.0005757218,
          -0.13961111,
          0,
          -0.13950616,
          0.034899548,
          -0.989606,
          0,
          0.0054420833,
          0.99939066,
          0.034477305,
          0,
          17.833633,
          766.71735,
          166.30556,
          1
        ]
      },
      {
        "date" : 752785303.730473,
        "title" : "Untitled",
        "transform" : [
          0.99020624,
          -0.0005757218,
          -0.13961111,
          0,
          -0.13950616,
          0.034899548,
          -0.989606,
          0,
          0.0054420833,
          0.99939066,
          0.034477305,
          0,
          11.127975,
          478.42252,
          103.77269,
          1
        ]
      }
    ],
    "DB3BCE19-632A-48B1-A913-8E2380D27099" : [
      {
        "date" : 752765965.12407,
        "title" : "Untitled",
        "transform" : [
          0.94806814,
          8.619607e-10,
          0.31806728,
          0,
          0.04069336,
          0.991782,
          -0.12129535,
          0,
          -0.31545338,
          0.12793948,
          0.94027686,
          0,
          -43.120453,
          193.24377,
          550.33887,
          1
        ]
      },
      {
        "date" : 752765958.947938,
        "title" : "Untitled",
        "transform" : [
          0.94806814,
          8.619607e-10,
          0.31806728,
          0,
          0.04069336,
          0.991782,
          -0.12129535,
          0,
          -0.31545338,
          0.12793948,
          0.94027686,
          0,
          -43.12041,
          193.24376,
          550.3391,
          1
        ]
      },
      {
        "date" : 752765160.284171,
        "title" : "Untitled",
        "transform" : [
          0.94806814,
          8.619607e-10,
          0.31806728,
          0,
          0.04069336,
          0.991782,
          -0.12129535,
          0,
          -0.31545338,
          0.12793948,
          0.94027686,
          0,
          -0.058130294,
          0.26051044,
          0.74190795,
          1
        ]
      },
      {
        "date" : 752764946.699085,
        "title" : "Untitled",
        "transform" : [
          0.94806814,
          8.619607e-10,
          0.31806728,
          0,
          0.04069336,
          0.991782,
          -0.12129535,
          0,
          -0.31545338,
          0.12793948,
          0.94027686,
          0,
          -0.071073085,
          0.26567066,
          0.7368636,
          1
        ]
      },
      {
        "date" : 752764941.148821,
        "title" : "Untitled",
        "transform" : [
          0.94806814,
          8.619607e-10,
          0.31806728,
          0,
          0.04069336,
          0.991782,
          -0.12129535,
          0,
          -0.31545338,
          0.12793948,
          0.94027686,
          0,
          0.28100735,
          0.26071513,
          0.25531298,
          1
        ]
      },
      {
        "date" : 752764925.399806,
        "title" : "Untitled",
        "transform" : [
          0.94806814,
          8.619607e-10,
          0.31806728,
          0,
          0.04069336,
          0.991782,
          -0.12129535,
          0,
          -0.31545338,
          0.12793948,
          0.94027686,
          0,
          -0.049487654,
          0.39475486,
          1.2404249,
          1
        ]
      },
      {
        "date" : 752764923.400524,
        "title" : "Untitled",
        "transform" : [
          0.9196177,
          -1.5953872e-09,
          0.39281455,
          0,
          0.05025649,
          0.991782,
          -0.11765542,
          0,
          -0.38958636,
          0.12793948,
          0.91206026,
          0,
          -0.14494035,
          0.39475486,
          1.230113,
          1
        ]
      },
      {
        "date" : 752764916.981677,
        "title" : "Untitled",
        "transform" : [
          0.91961765,
          -7.727414e-10,
          0.39281452,
          0,
          0.050256487,
          0.99178195,
          -0.11765541,
          0,
          -0.38958636,
          0.12793948,
          0.91206026,
          0,
          -0.14494035,
          0.39475486,
          1.230113,
          1
        ]
      },
      {
        "date" : 752764915.949936,
        "title" : "Untitled",
        "transform" : [
          0.9196177,
          -1.5953872e-09,
          0.39281455,
          0,
          0.05025649,
          0.991782,
          -0.11765542,
          0,
          -0.38958636,
          0.12793948,
          0.91206026,
          0,
          -0.14494035,
          0.39475486,
          1.230113,
          1
        ]
      },
      {
        "date" : 752764907.249698,
        "title" : "Untitled",
        "transform" : [
          0.8074266,
          5.5894736e-05,
          0.589968,
          0,
          -0.5731652,
          0.23703572,
          0.78440785,
          0,
          -0.13979965,
          -0.97150093,
          0.19142099,
          0,
          0.048109353,
          -1.2019138,
          0.35510442,
          1
        ]
      }
    ]
  },
  "sceneViewportBackgroundColors" : {

  },
  "selectedSceneRelativePath" : "pinguim.usda"
}