{
  "advancedEditorSelectedIdentifier" : "BehaviorsPluginID",
  "openSceneRelativePaths" : [
    "Topeira.usda"
  ],
  "recentIdentifiers" : {
    "26DBAE76-5DD8-47B6-A085-1B4ADA111097" : [

    ],
    "4E3E699B-FE77-4207-B6B5-327D20FF256E" : [

    ]
  },
  "sceneCameraHistory" : {
    "26DBAE76-5DD8-47B6-A085-1B4ADA111097" : [
      {
        "date" : 752610538.735403,
        "title" : "Untitled",
        "transform" : [
          0.99974495,
          5.860078e-10,
          0.022582276,
          0,
          0.010830611,
          0.8774836,
          -0.4794844,
          0,
          -0.019815575,
          0.47960666,
          0.87725973,
          0,
          -0.0050620735,
          0.13126042,
          0.2282732,
          1
        ]
      },
      {
        "date" : 752610525.977022,
        "title" : "Untitled",
        "transform" : [
          0.9998454,
          2.395072e-10,
          0.01758329,
          0,
          0.008433063,
          0.87748355,
          -0.4795325,
          0,
          -0.015429048,
          0.47960666,
          0.8773479,
          0,
          -0.0039206487,
          0.13126042,
          0.22829565,
          1
        ]
      },
      {
        "date" : 752610522.550696,
        "title" : "Untitled",
        "transform" : [
          0.9998454,
          9.543707e-10,
          0.017583292,
          0,
          0.0084330635,
          0.87748355,
          -0.47953254,
          0,
          -0.01542905,
          0.4796067,
          0.8773479,
          0,
          -0.003920693,
          0.13126042,
          0.22829562,
          1
        ]
      },
      {
        "date" : 752610503.050315,
        "title" : "Untitled",
        "transform" : [
          0.9998454,
          2.1480133e-09,
          0.017583294,
          0,
          0.008433064,
          0.8774835,
          -0.47953257,
          0,
          -0.015429052,
          0.47960672,
          0.8773478,
          0,
          -0.031900447,
          0.42473412,
          0.67449003,
          1
        ]
      },
      {
        "date" : 752610462.044705,
        "title" : "Untitled",
        "transform" : [
          0.999745,
          2.3722266e-09,
          0.022582278,
          0,
          0.010830611,
          0.8774835,
          -0.4794844,
          0,
          -0.019815579,
          0.47960672,
          0.87725973,
          0,
          -0.035272487,
          0.42473412,
          0.6743221,
          1
        ]
      },
      {
        "date" : 752610459.761952,
        "title" : "Untitled",
        "transform" : [
          0.9998454,
          4.4953814e-09,
          0.01758329,
          0,
          0.008433061,
          0.87748355,
          -0.47953257,
          0,
          -0.015429051,
          0.47960672,
          0.8773479,
          0,
          -0.03190045,
          0.42473412,
          0.6744901,
          1
        ]
      },
      {
        "date" : 752610452.062408,
        "title" : "Untitled",
        "transform" : [
          0.9982641,
          -0.0010349076,
          0.05888712,
          0,
          0.05866811,
          0.10538661,
          -0.99269927,
          0,
          -0.005178562,
          0.99443084,
          0.10526438,
          0,
          0.014450096,
          0.78555924,
          0.14108822,
          1
        ]
      },
      {
        "date" : 752610444.07683,
        "title" : "Untitled",
        "transform" : [
          0.9982641,
          -0.0010349076,
          0.05888712,
          0,
          0.05866811,
          0.10538661,
          -0.99269927,
          0,
          -0.005178562,
          0.99443084,
          0.10526438,
          0,
          0.022610031,
          0.8094265,
          -0.08398257,
          1
        ]
      },
      {
        "date" : 752610437.153339,
        "title" : "Untitled",
        "transform" : [
          0.9982641,
          -0.0010349076,
          0.05888712,
          0,
          0.05866811,
          0.10538661,
          -0.99269927,
          0,
          -0.005178562,
          0.99443084,
          0.10526438,
          0,
          0.029968604,
          2.2324982,
          -0.3629003,
          1
        ]
      },
      {
        "date" : 752610434.776845,
        "title" : "Untitled",
        "transform" : [
          0.99825764,
          -0.0010465311,
          0.05899661,
          0,
          0.05877821,
          0.10538649,
          -0.99269277,
          0,
          -0.005178562,
          0.99443084,
          0.10526438,
          0,
          0.029968604,
          2.2324982,
          -0.3629003,
          1
        ]
      }
    ],
    "4E3E699B-FE77-4207-B6B5-327D20FF256E" : [
      {
        "date" : 752670996.888567,
        "title" : "Untitled",
        "transform" : [
          0.9909323,
          7.799952e-09,
          0.13436218,
          0,
          0.013430252,
          0.99499184,
          -0.09904929,
          0,
          -0.13368927,
          0.099955656,
          0.98596954,
          0,
          -0.19533858,
          0.14408094,
          0.64869237,
          1
        ]
      },
      {
        "date" : 752612317.952472,
        "title" : "Untitled",
        "transform" : [
          0.9909323,
          7.799952e-09,
          0.13436218,
          0,
          0.013430252,
          0.99499184,
          -0.09904929,
          0,
          -0.13368927,
          0.099955656,
          0.98596954,
          0,
          -0.098684415,
          0.31965223,
          0.6439988,
          1
        ]
      },
      {
        "date" : 752612316.218837,
        "title" : "Untitled",
        "transform" : [
          0.9909323,
          7.799952e-09,
          0.13436218,
          0,
          0.013430252,
          0.99499184,
          -0.09904929,
          0,
          -0.13368927,
          0.099955656,
          0.98596954,
          0,
          -0.104075894,
          0.33911762,
          0.64129436,
          1
        ]
      },
      {
        "date" : 752612310.136697,
        "title" : "Untitled",
        "transform" : [
          0.9909323,
          7.799952e-09,
          0.13436218,
          0,
          0.013430252,
          0.99499184,
          -0.09904929,
          0,
          -0.13368927,
          0.099955656,
          0.98596954,
          0,
          -0.03004548,
          0.03916324,
          0.19997407,
          1
        ]
      },
      {
        "date" : 752611033.052651,
        "title" : "Untitled",
        "transform" : [
          0.9909323,
          8.50145e-09,
          0.13436216,
          0,
          0.013430269,
          0.9949919,
          -0.09904929,
          0,
          -0.1336893,
          0.09995566,
          0.98596966,
          0,
          -0.0014904588,
          0.54128766,
          1.5293932,
          1
        ]
      },
      {
        "date" : 752611014.809453,
        "title" : "Untitled",
        "transform" : [
          0.9909323,
          8.50145e-09,
          0.13436216,
          0,
          0.013430269,
          0.9949919,
          -0.09904929,
          0,
          -0.1336893,
          0.09995566,
          0.98596966,
          0,
          -0.000774338,
          0.00013353831,
          1.5843514,
          1
        ]
      },
      {
        "date" : 752610952.11708,
        "title" : "Untitled",
        "transform" : [
          0.96814847,
          7.936821e-09,
          0.2503768,
          0,
          0.084601805,
          0.9411828,
          -0.32713535,
          0,
          -0.23565036,
          0.33789793,
          0.9112047,
          0,
          -0.37051365,
          0.5159893,
          1.4273148,
          1
        ]
      },
      {
        "date" : 752610949.701049,
        "title" : "Untitled",
        "transform" : [
          0.96814847,
          7.936821e-09,
          0.2503768,
          0,
          0.08460181,
          0.9411829,
          -0.32713538,
          0,
          -0.23565036,
          0.33789793,
          0.9112047,
          0,
          -2.3904998,
          3.3290873,
          9.208826,
          1
        ]
      },
      {
        "date" : 752610935.099515,
        "title" : "Untitled",
        "transform" : [
          0.20558374,
          1.6527593e-09,
          0.97863954,
          0,
          0.9619622,
          0.18382718,
          -0.20208031,
          0,
          -0.17990056,
          0.98295873,
          0.037791878,
          0,
          -1.8934568,
          9.892591,
          0.38888854,
          1
        ]
      },
      {
        "date" : 752610746.41408,
        "title" : "Untitled",
        "transform" : [
          0.9997456,
          4.1365011e-10,
          0.022558793,
          0,
          0.0038244636,
          0.98552454,
          -0.16949005,
          0,
          -0.022232242,
          0.1695332,
          0.9852737,
          0,
          -0.23307796,
          1.6284686,
          9.944523,
          1
        ]
      }
    ]
  },
  "sceneViewportBackgroundColors" : {

  },
  "selectedSceneRelativePath" : "Topeira.usda"
}